player1BaseSpaceId = 6
player2BaseSpaceId = 39

Connections = [
{0:[1, 4, 5]},
{1:[0, 2, 5, 6]},
{2:[1, 3, 6, 7]},
{3:[2, 7, 8]},
{4:[0, 5, 9, 10]},
{5:[0, 1, 4, 6, 10, 11]},
{6:[1, 2, 5, 7, 11, 12]},
{7:[2, 3, 6, 8, 12, 13]},
{8:[3, 7, 13, 14]},
{9:[4, 10, 15]},
{10:[4, 5, 9, 11, 15, 16]},
{11:[5, 6, 10, 12, 16, 17]},
{12:[6, 7, 11, 13, 17, 18]},
{13:[7, 8, 12, 14, 18, 19]},
{14:[8, 13, 19]},
{15:[9, 10, 16, 20, 21]},
{16:[10, 11, 15, 17, 21, 22]},
{17:[11, 12, 16, 18, 22, 23]},
{18:[12, 13, 17, 19, 23, 24]},
{19:[13, 14, 18, 24, 25]},
{20:[15, 21, 26]},
{21:[15, 16, 20, 22, 26, 27]},
{22:[16, 17, 21, 23, 27, 28]},
{23:[17, 18, 22, 24, 28, 29]},
{24:[18, 19, 23, 25, 29, 30]},
{25:[19, 24, 30]},
{26:[20, 21, 27, 31, 32]},
{27:[21, 22, 26, 28, 32, 33]},
{28:[22, 23, 27, 29, 33, 34]},
{29:[23, 24, 28, 30, 34, 35]},
{30:[24, 25, 29, 35, 36]},
{31:[26, 32, 37]},
{32:[26, 27, 31, 33, 37, 38]},
{33:[27, 28, 32, 34, 38, 39]},
{34:[28, 29, 33, 35, 39, 40]},
{35:[29, 30, 34, 36, 40, 41]},
{36:[30, 35, 41]},
{37:[31, 32, 38, 42]},
{38:[32, 33, 37, 39, 42, 43]},
{39:[33, 34, 38, 40, 43, 44]},
{40:[34, 35, 39, 41, 44, 45]},
{41:[35, 36, 40, 45]},
{42:[37, 38, 43]},
{43:[42, 38, 39, 44]},
{44:[43, 39, 40, 45]},
{45:[40, 41, 44]}
];

//layout
//
//        0   1   2   3
//      4   5   6   7   8
//    9   10  11  12  13  14
//      15  16  17  18  19
//    20  21  22  23  24  25
//      26  27  28  29  30
//    31  32  33  34  35  36
//      37  38  39  40  41
//        42  43  44  45
//
//
